id_registry,year,Forest_pctg,Non_Forest_Natural_pctg,Farming_pctg,Non_vegetated_area_pctg,Water_pctg,Not_Observed_pctg
832,2000,89.37980960217541,0.09663077912066313,9.992813846542974,0,0.5307457721609423,0
832,2001,89.21278066910688,0.10069487769946875,10.168543908284436,0,0.5179805449092171,0
832,2002,89.01189068759055,0.09717155810072178,10.363746773010476,0,0.5271909812982373,0
832,2003,88.41197602046242,0.08888912865048548,10.97475888660862,0,0.5243759642784728,0
832,2004,87.37768934842104,0.09354871588644413,11.996758107754895,0,0.5320038279376248,0
832,2005,86.05022395913664,0.0997556538165483,13.33136175306687,0,0.5186586339799428,0
832,2006,85.6447812724662,0.10009392679041171,13.73613415965692,0,0.518990641086453,0
832,2007,85.34170350411682,0.0921153152324561,14.03180864211627,0,0.5343725385344589,0
832,2008,85.13154181596066,0.09142716958672713,14.230168909411548,0,0.5468367918815761,2.5313159494208544e-5
832,2009,84.925594192913593,0.09448835982533813,14.428226694468439,0,0.5516654396331295,2.5313159494208544e-5
832,2010,84.82112243709987,0.08097845205676786,14.548157762779223,0,0.5497160349046442,2.5313159494208544e-5
832,2011,84.94778837717152,0.08485777411772831,14.426479966578462,0,0.5408738821322929,0
832,2012,85.04301929773231,0.0761132477093718,14.345432215110874,0,0.5354352394474358,0
832,2013,85.05465303048565,0.08096384805159981,14.33858111302644,0,0.5258020084363088,0
832,2014,85.11723856822597,0.08259225166418155,14.269261500403577,0,0.5309076797062653,0
832,2015,85.09183836657539,0.07944684453678104,14.312482513444996,0,0.5162322754428316,0
832,2016,85.15193378421584,0.09241802071760515,14.250527222062534,0,0.5050956598445293,2.5313159494208544e-5
832,2017,85.1467259409845,0.10105571860952933,14.24319656558653,0,0.5089964616599559,2.5313159494208544e-5
832,2018,85.02035323417994,0.10338220103603717,14.359528516261047,0,0.516710735363482,2.5313159494208544e-5
832,2019,84.82147421386993,0.11201973943005535,14.545505582990181,0,0.5209751505503379,2.5313159494208544e-5
832,2020,84.60295223528344,0.11072378855969463,14.771282832449103,0,0.5150411437077707,0
832,2021,83.73552633749064,0.12541916846742215,15.638221904955172,0,0.5008325890867642,0
832,2022,83.63702384281143,0.09901269215221431,15.827681915888142,0,0.4362815491482174,0
875,2000,96.69352692116709,0.13785034682677522,2.2214418003368466,0,0.9471809316692817,0
875,2001,95.99992015177854,0.1346492159178642,2.916591841116049,0,0.9488387911875433,0
875,2002,93.47167072239587,0.13817588556327465,5.442457874567396,0,0.9476955174734625,0
875,2003,90.6389477312644,0.13931527114102266,8.27247926754328,0,0.9492577300513039,0
875,2004,86.15371205089069,0.13947804050927234,12.77008950542687,0,0.9367204031731771,0
875,2005,82.62264424169264,0.14522288758628357,16.297979503485436,0,0.9341533672356335,0
875,2006,78.83527981972944,0.14082811464354134,20.076379913074643,0,0.9475121525523797,0
875,2007,75.77650651942267,0.1415397858404354,23.133881995122056,0,0.9480716996148435,0
875,2008,74.56689247681301,0.14982837198020232,24.348165255086943,0,0.9351138961198422,0
875,2009,74.37531574548173,0.14476149554553588,24.54144496257574,0,0.9384777963970028,0
875,2010,74.03407106925471,0.1420760131334558,24.87713192349598,0,0.9467209941158606,0
875,2011,73.27105677683868,0.1458197086031992,25.64405069242864,0,0.9390728221294818,0
875,2012,72.49816416569418,0.1454130202412706,26.4141052407036,0,0.9423175733609547,0
875,2013,71.4796339462089,0.14718245727309207,27.437114825965104,0,0.9360687705528866,0
875,2014,70.31495715653632,0.14479036001441306,28.601370737702204,0,0.9388817457470602,0
875,2015,69.38804876349477,0.15698388691537773,29.538825594760265,0,0.9161417548295884,0
875,2016,67.81963660902363,0.15465719657161045,31.107690592248666,0,0.9180156021560875,0
875,2017,65.85019508484022,0.15384966410351833,33.0664748197391,0,0.9294804313171586,0
875,2018,64.67009996725636,0.1490208395121102,34.23316219179754,0,0.9477170014340073,0
875,2019,63.336120046832264,0.14831702965982352,35.56570203702816,0,0.9498066300236686,5.425645608323755e-5
875,2020,62.18151233694942,0.15276453498185358,36.725051362080954,0,0.9406717659877779,0
875,2021,60.770076749743055,0.1580210968487712,38.13621695984913,0,0.9356851935590466,0
875,2022,57.83139499620516,0.12784320098365223,41.10429672399265,0,0.9364650788185377,0
963,2000,99.06819442215206,0.04003484159717011,0.3610287102504796,0,0.5307420260002814,0
963,2001,98.99528656329085,0.030673325403694097,0.44232882083087044,0,0.5317112904745822,0
963,2002,98.92114203047251,0.0320311114918312,0.5094900277529746,0,0.5373368302826826,0
963,2003,98.85694625334955,0.03800423911365757,0.577367691751969,0,0.5276818157848173,0
963,2004,98.81853247316612,0.042838398254154184,0.6126145656342132,0,0.5260145629455246,0
963,2005,98.76398000721079,0.04746932669440513,0.6693822837818054,0,0.5191683823129879,0
963,2006,98.69342352135402,0.03612845613417879,0.7440819911181558,0,0.5263660313936487,0
963,2007,98.61976938933896,0.0593098414589508,0.8090408622477412,0,0.5118799069543427,0
963,2008,98.58216334175661,0.0677654388583517,0.8259275433136993,0,0.5241436760713319,0
963,2009,98.52450811460226,0.06850567179251242,0.8787577454390254,0,0.5282284681661981,0
963,2010,98.4217599993772,0.07159429631075827,0.9941034845800119,0,0.5125422197320293,0
963,2011,98.30304782769903,0.07035514654455396,1.106079714684474,0,0.5205173110719377,0
963,2012,98.11731086241049,0.08085404109647976,1.2910543626169086,0,0.5107807338761229,0
963,2013,97.94153083408165,0.054446411094851634,1.4782852312850991,0,0.5257375235384041,0
963,2014,97.71152028840847,0.04896576337702548,1.7093570734353332,0,0.5301568747791734,0
963,2015,97.41499643132693,0.037907865593010244,2.020719249824122,0,0.5263764532559435,0
963,2016,97.15176221380425,0.04043596574681435,2.288406916802143,0,0.5193949036467963,0
963,2017,96.70783561758898,0.044947562979111996,2.730275813789521,0,0.5169410056423807,0
963,2018,95.97307679112983,0.050540769217944086,3.46140792265818,0,0.5149745169940464,0
963,2019,95.04303520132035,0.052798654381092415,4.389121500282332,0,0.5150446440162237,0
963,2020,94.06755070986812,0.058166788845669865,5.3608395309206065,0,0.5134429703656057,0
963,2021,92.56177849412374,0.06000131292390451,6.854684515853636,0,0.5235356770987177,0
963,2022,91.11009810105843,0.0635315442153644,8.282909768635328,0,0.543460586090883,0
977,2000,96.66010194870238,0.013083541051447711,0.22717136102121796,0,3.0996431492249625,0
977,2001,96.66615065998066,0.011891180932136714,0.23752146015817965,0,3.0844366989290197,0
977,2002,96.66535410754423,0.010994054813268908,0.24194488507462766,0,3.0817069525678784,0
977,2003,96.36419308491935,0.017586249353859777,0.5441259642355466,0,3.074094701491252,0
977,2004,96.1967919140654,0.017905910944115287,0.7134048458415001,0,3.0718973291489826,0
977,2005,96.06289126387169,0.014716149072789873,0.8383707990546123,0,3.0840217880009133,0
977,2006,95.9213764507993,0.015754494582189197,0.9965712041836325,0,3.06629785043488,0
977,2007,95.7793688489018,0.011223638123985791,1.1449068436087444,0,3.064500669365475,0
977,2008,95.63814305418569,0.017277499799381795,1.291046107191513,0,3.053533338823427,0
977,2009,95.51289182441012,0.02435769975027016,1.402156035620792,0,3.0605944402188303,0
977,2010,95.486884207525,0.015670672753206258,1.4341133840398927,0,3.063331735681913,0
977,2011,95.46708461308604,0.017130720911266675,1.4643107387988392,0,3.0514739272038556,0
977,2012,95.47074700108953,0.040510338829465135,1.4457938417689287,0,3.042948818312084,0
977,2013,95.50638824103203,0.029842554613947365,1.4289610431474804,0,3.034808161206549,0
977,2014,95.57661328167067,0.03730550417853395,1.4022817112276085,0,2.9837995029231745,0
977,2015,95.5983195555984,0.022633606333888723,1.3934553336204372,0,2.9855915044472905,0
977,2016,95.59519122442295,0.029039594911351958,1.412864806575675,0,2.9629043740900225,0
977,2017,95.5801317260736,0.037396433820775954,1.440214226909409,0,2.9422576131962126,0
977,2018,95.57580819397108,0.10838972793753632,1.4588184677531022,0,2.8569836103382658,0
977,2019,95.62959167247924,0.05587475642289884,1.4142812052082432,0,2.9002523658896115,0
977,2020,95.57138004317113,0.08835431220996925,1.4787339563761353,0,2.861531688242763,0
977,2021,95.53835680255605,0.09604737156085809,1.51608053038852,0,2.849515295494551,0
977,2022,95.44022194848199,0.028682420272507808,1.5942118551513198,0,2.9368837760941817,0
981,2000,82.15161826530243,0.4221084793590851,0.144331022799454,0,17.281942232539034,0
981,2001,82.17190961651144,0.4076628379013125,0.16979675715424325,0,17.250630788433003,0
981,2002,82.2048144859956,0.400324246208159,0.14077894779919073,0,17.254082319997053,0
981,2003,82.1913023442282,0.399659706047379,0.16536611192885822,0,17.243671837795556,0
981,2004,82.1611450656522,0.4027234346697577,0.217104066452137,0,17.2190274332259,0
981,2005,82.14231065753958,0.37918851189015945,0.23951786307251982,0,17.238982967497734,0
981,2006,82.12725402356554,0.37501632996164364,0.28065082113875156,0,17.21707882533406,0
981,2007,82.07414931359847,0.37441915164378115,0.3306287300008657,0,17.220802804756882,0
981,2008,82.02271998615356,0.39383388893410537,0.40701285095454676,0,17.17643327395779,0
981,2009,81.82160568100663,0.44338936355061853,0.5633996012088159,0,17.17160535423394,0
981,2010,81.7383718013426,0.4455874321326549,0.6207152919613484,0,17.19532547456339,0
981,2011,81.80215464122776,0.43163297026296393,0.6004474884699967,0,17.165764900039267,0
981,2012,81.87533499460446,0.4127073558134648,0.55931192496509885,0,17.152645724616985,0
981,2013,81.92375395949963,0.39022464718480765,0.5560198892118338,0,17.13000150410372,0
981,2014,81.88028059544857,0.4195239516751943,0.646335617894427,0,17.053859834981804,0
981,2015,81.85561731989719,0.3990875391871474,0.6921676362965196,0,17.05312750461914,0
981,2016,81.82366115275576,0.40278634260063956,0.7722030620246212,0,17.00134944261898,0
981,2017,81.7691617197041,0.4156002896998992,0.8432781330212195,0,16.971959857574785,0
981,2018,81.69047371529798,0.4827804629484415,0.9382550553889464,0,16.88849076636463,0
981,2019,81.75801695257194,0.4432171119955435,0.892047116371201,0,16.906718819061314,0
981,2020,81.88399723357023,0.31141834830707527,0.7717369126512198,0,17.03284750547148,0
981,2021,81.92995117207498,0.3192266629009032,0.7349220617586537,0,17.015900103265473,0
981,2022,81.62622142872662,0.22205931386748076,1.0053401667373962,0,17.1463790906685,0
1094,2000,97.99304591415908,0.02644595657868009,0.004610433108147619,0,1.9758976961540935,0
1094,2001,98.00450687130895,0.02692621002744547,0.004546399314978902,0,1.9640205193486318,0
1094,2002,98.00403108794116,0.028302936580572882,0.0034898417276950726,0,1.9641761337505756,0
1094,2003,98.01859038702214,0.028276001570460608,0.0031696727618514883,0,1.9499639386455543,0
1094,2004,98.02378343280816,0.02761723415687027,0.002657402416501753,0,1.945941930618479,0
1094,2005,98.02135029174194,0.02765770380417718,0.0030416051755140544,0,1.9479503992783698,0
1094,2006,98.01073292782495,0.031088376116512557,0.004930602073991203,0,1.9532480939845447,0
1094,2007,98.00375215562714,0.029717904004696018,0.00854851138802371,0,1.9579814289801378,0
1094,2008,98.00370964331421,0.033047323527752616,0.025198571814802073,0,1.938044461343237,0
1094,2009,98.00377331653691,0.03500231616940902,0.03121774837266146,0,1.9300066189210128,0
1094,2010,98.0084216529377,0.03226239834728143,0.023404351403166043,0,1.9359115973118624,0
1094,2011,98.02501420909925,0.029638846262973462,0.01255062346106852,0,1.9327963211767107,0
1094,2012,98.03183066029997,0.029510778676636026,0.007876156559752184,0,1.9307824044636344,0
1094,2013,98.06831340419596,0.031891077191851955,0.003938078279876092,0,1.8958574403323138,0
1094,2014,98.07590117668431,0.0307313875142877,0.0024012672438268852,0,1.8909661685575823,0
1094,2015,98.07282375890026,0.029185520950452758,0.0037779937969542985,0,1.8942127263523363,0
1094,2016,98.07364260683266,0.030120342196365633,0.022731996574894515,0,1.873505054396074,0
1094,2017,98.07392933346061,0.02960918072974844,0.029615629340531573,0,1.8668458564691033,0
1094,2018,98.07510099472442,0.03217087975818947,0.03741623042646338,0,1.8553118950909127,0
1094,2019,98.07810267016659,0.03204385732101457,0.04026573422247128,0,1.8495877382899262,0
1094,2020,98.08917280370174,0.03305887654360566,0.0502118751470856,0,1.8275564446075687,0
1094,2021,98.0832708210752,0.044224794045596996,0.05646008518545478,0,1.8160442996937427,0
1094,2022,98.01474309322786,0.030069879902191163,0.0706115534757412,0,1.8845754733941968,0
1112,2000,96.58689179189436,0.4000514943468145,1.6770426398421479,0,1.3360140739166702,0
1112,2001,96.51455365152552,0.5162396063570028,1.784155371805206,0,1.1850513703122754,0
1112,2002,96.36303600044188,0.5381760532028944,1.9231219839553404,0,1.175665962399891,0
1112,2003,96.3754981853264,0.48143359522304546,1.878138120050263,0,1.2649300994002906,0
1112,2004,96.43795484279507,0.582241843503595,1.8267715340026076,0,1.1530317796987481,0
1112,2005,96.36798540700225,0.5919290059549546,1.920235857455903,0,1.1198497295868932,0
1112,2006,96.27791192202388,0.6118669100735297,1.9989178418662954,0,1.1113033260363054,0
1112,2007,96.13538741351056,0.6471744740420368,2.092940612571872,0,1.1244974998755428,0
1112,2008,96.00339433483173,0.6279933188135288,2.176170351644393,0,1.1924419947103575,0
1112,2009,95.74622409567043,0.6490963831186765,2.4268985672477,0,1.1777809539631956,0
1112,2010,95.47132454847068,0.720070299146551,2.6873436085808695,0,1.121261543801905,0
1112,2011,95.32774785024982,0.7389162751277069,2.78372955331517,0,1.1496063213072931,0
1112,2012,95.05758259992044,0.8380269132998182,2.985358274075942,0,1.119032212703803,0
1112,2013,94.70315336682204,0.6819292886179378,3.3942046536430923,0,1.2207126909169383,0
1112,2014,94.42704343848145,0.67320677550995,3.674632239510029,0,1.2251175464985646,0
1112,2015,94.27891218104718,0.7239711919134515,3.766840767994061,0,1.2302758590453158,0
1112,2016,94.26247728401897,0.8930314565298199,3.849719671966688,0,0.9947715874845362,0
1112,2017,94.45034827668324,0.704912219665417,3.6712044435732336,0,1.1735350600781078,0
1112,2018,94.77720141187854,0.8934624175721174,3.3102588021780592,0,1.0190773683712906,0
1112,2019,94.86413203719452,0.878132332194297,3.178919577588645,0,1.0788160530225201,0
1112,2020,94.81357978956817,0.9565439967573031,3.2237383320928736,0,1.0061378815816575,0
1112,2021,94.48634634851605,1.0156597944114454,3.4963279098224556,0,1.0016659472500558,0
1112,2022,94.3087038444876,0.6796740280211125,3.8807397274591127,0,1.1308824000321798,0
1113,2000,98.384568440786,0.20336737145705197,0.7960965970766556,0,0.6159675906803087,0
1113,2001,98.32886175987608,0.2659438705604665,0.8694444310338211,0,0.5357499385296403,0
1113,2002,98.21946920192656,0.27745915661139886,0.9692619185042134,0,0.5338097229578317,0
1113,2003,98.0084905286923,0.25055539935894755,1.1652041605230974,0,0.5757499114256509,0
1113,2004,97.79516577219609,0.30078083052339555,1.38446848595757,0,0.5195849113229514,0
1113,2005,97.45569153372023,0.30167775260780144,1.7331491927526848,0,0.5094815209192929,0
1113,2006,97.35774018364216,0.31803596031716225,1.8202493130747517,0,0.5039745429659244,0
1113,2007,97.29744748195624,0.353641097189117,1.8530902451559434,0,0.49582117569871265,0
1113,2008,97.24796074240119,0.34398500450444913,1.8731495594206342,0,0.5349046936737296,0
1113,2009,97.09546957393411,0.3402138807406777,2.0197159661308346,0,0.5446005791943759,0
1113,2010,96.9127002488092,0.38127037681358866,2.190152832170845,0,0.515876542206355,0
1113,2011,96.7889667893273,0.4113783648308079,2.2789415690534005,0,0.5207132767884839,0
1113,2012,96.62886329133649,0.45666135782659373,2.413194918854392,0,0.5012804319825186,0
1113,2013,96.39708653004053,0.3591830685945011,2.689813982773569,0,0.5539164185914066,0
1113,2014,96.1949774141392,0.3377689017973101,2.9092752149213106,0,0.557978469142169,0
1113,2015,96.0078993664625,0.36194981564309386,3.064626367572609,0,0.5655244503217882,0
1113,2016,95.8662950064798,0.44567679296338825,3.234502548603558,0,0.4535256519532391,0
1113,2017,95.8873142517503,0.36503199367975425,3.2035883925916124,0,0.5440653619783284,0
1113,2018,95.9817152547927,0.47493414152355895,3.0786198616224327,0,0.4647307420613052,0
1113,2019,95.89223172382944,0.4544482637297834,3.1497049015463947,0,0.5036151108943683,0
1113,2020,95.72100767360799,0.49767837217610233,3.3259345890970384,0,0.45537936511887805,0
1113,2021,95.20247235975212,0.5507162545385041,3.812368433228613,0,0.4344429524807574,0
1113,2022,94.77612646430893,0.36647532274448796,4.356552210986418,0,0.5008460019601709,0
1115,2000,87.9046443753342,2.5437289567612327,6.284922680451524,0.32367497219365715,2.9430290152593805,0
1115,2001,87.81073525646437,2.5616506844370797,6.358870017476217,0.376331425457388,2.8924126161649393,0
1115,2002,87.29916358347715,2.5972878322084885,6.757543017638613,0.4110712232183105,2.9349343434574227,0
1115,2003,87.20084523325401,2.501801330670731,6.910507190485844,0.42585948878569824,2.960986756803704,0
1115,2004,86.59234990394299,2.5216939430269276,7.497670045647747,0.44125369932730485,2.947032408055036,0
1115,2005,86.89502916684975,2.4191900505754074,7.265311562402084,0.4434499770453211,2.9770192431274234,0
1115,2006,87.52281463309394,2.2090332099957077,6.811468895574896,0.4504483000005454,3.0062349613349095,0
1115,2007,87.59342684451762,2.145064909086031,6.743883925284316,0.4602838425052437,3.057340478606795,0
1115,2008,87.36921931623363,2.1445335078941863,6.943190720735931,0.46185236899184345,3.081204086144414,0
1115,2009,86.98278490233949,2.2899626779564155,7.29185667397116,0.47590283672055483,2.9594929090123676,0
1115,2010,86.29786068804394,2.397125933798739,7.91622094380982,0.4931044999018299,2.8956879344456783,0
1115,2011,85.7535880570031,2.4203054647977016,8.429078727244036,0.49772546798929496,2.899302282965872,0
1115,2012,85.66426019950329,2.6546218590099118,8.283387080030517,0.5145136698401437,2.8832171916161315,0
1115,2013,85.96711132197407,2.481815359821042,8.09408893658293,0.517422638458823,2.939561743163132,0
1115,2014,85.77415702561521,2.582461618457886,8.31935978564165,0.5221991347138588,2.801822435571385,0
1115,2015,85.30213813348114,2.4840919419269296,8.738869602899149,0.5255593966670598,2.949340925025728,0
1115,2016,84.51698674517193,2.57947683212001,9.468906493607397,0.5316703049178308,2.9029596241828335,0
1115,2017,84.44774521342956,2.6441609607659675,9.505157978463705,0.534906251573501,2.86802959576727,0
1115,2018,84.82963582993402,2.660057252774374,9.15430595908067,0.5402984921502281,2.8157024660607064,0
1115,2019,84.49429891761021,2.6547657146001638,9.490357695315637,0.5431568221287362,2.8174208503452527,0
1115,2020,84.40636579372395,2.7974327410868893,9.379051194654082,0.5439121895094481,2.873238081025629,0
1115,2021,84.6710900870062,2.6223982559893364,9.267628709100292,0.5407771743072668,2.8981057735969036,0
1115,2022,84.76199164944944,1.9836218330802586,9.56951788484999,0.5440145910949483,3.1408540415253547,0
1118,2000,54.83134101038729,1.5272794697070462,43.57312449891882,0.01682252783494444,0.05131491718423191,1.1757596767846442e-4
1118,2001,53.46386547040897,1.5299534203154754,44.932987897646214,0.02129041460672609,0.05178522105494577,1.1757596767846442e-4
1118,2002,52.39743475524804,1.5352030069541132,45.984135876926594,0.0295207323442186,0.053627244548575044,7.838397845230961e-5
1118,2003,50.46446661747841,1.5384666591830038,47.90436609618209,0.03132356384862171,0.061298679329429694,7.838397845230961e-5
1118,2004,48.56959939573127,1.5365405119957054,49.79398733108815,0.03547791470659414,0.06431646249984363,7.838397845230962e-5
1118,2005,47.82379918269758,1.5335897967683016,50.53740814881448,0.038338929920103425,0.06678555782109137,7.838397845230961e-5
1118,2006,47.51718546387868,1.53802192444091,50.83880590017624,0.04159186502587428,0.06439484647829592,0
1118,2007,47.13524590265949,1.53560333714433,51.2137187792885,0.04174863298277889,0.0736833479248946,0
1118,2008,46.84259384213741,1.5307055751813137,51.508211626613964,0.042532472767301994,0.07595648330001159,0
1118,2009,46.85861847000372,1.5447730503094141,51.48913247259211,0.04292439265956354,0.06455161443520055,0
1118,2010,47.18701085203322,1.5375348367514883,51.155632827514296,0.04315954459492047,0.07666193910608238,0
1118,2011,47.23761663394458,1.5359759159746789,51.101843735683374,0.04331631255182509,0.0812474018455425,0
1118,2012,47.368331512793795,1.5253212397915505,50.97956892382774,0.043767282226202325,0.08301104136071946,0
1118,2013,47.3104929373905,1.5204569091253346,51.04826820424885,0.04419839410769004,0.07658355512763008,0
1118,2014,47.09191867258862,1.5156522362123672,51.26616026347204,0.04533496179524851,0.08093386593173325,0
1118,2015,46.91346302887165,1.5226781814781485,51.44020192496267,0.04560930571983161,0.0780475589677046,0
1118,2016,46.67675634777769,1.519710238292733,51.673921742906344,0.04607960959054546,0.08353206143268523,0
1118,2017,46.40334736523712,1.5217678222029292,51.94911766161212,0.04631476152590239,0.07945238942193,0
1118,2018,46.07040885811294,1.5156219531689068,52.2764836329917,0.048705472868697836,0.08878008285775484,0
1118,2019,45.60722788396742,1.526590996762119,52.723065364706024,0.04945012066399476,0.0936656339004431,0
1118,2020,45.284127514328084,1.540602128434646,53.03994412043915,0.05144891211452866,0.08383813269436356,3.91919892261548e-5
1118,2021,45.02062248288969,1.5453082357731862,53.311599072523876,0.05152729609298098,0.07094291272026115,0
1118,2022,44.160721022566854,0.6112306386131712,55.089566581981764,0.05243832748364903,0.08604342935457071,0
1147,2000,86.84060934906994,2.6199304158913432,3.078063690590822,0.32795476331232115,7.133441781135587,0
1147,2001,87.34050854252902,2.522821915547635,2.561258563080817,0.3365769996903372,7.238833979152185,0
1147,2002,87.5328734401314,2.5482774879901893,2.3633974730010316,0.3379710139550464,7.217480584922342,0
1147,2003,87.62360937349746,2.6145509431001366,2.2621412750171843,0.34029437106289495,7.1594040373223296,0
1147,2004,87.687739853604,2.5789988753930086,2.2507841749669484,0.341378604379891,7.1410984916561615,0
1147,2005,87.48137599165095,2.8066276527696643,2.471042426025366,0.3448378249626879,6.896116104591334,0
1147,2006,87.139033921325,2.772805773095172,2.747852777012538,0.34483782496268783,6.995469703604611,0
1147,2007,86.9227248323317,2.611693955459781,2.896634410595494,0.34550901701606634,7.223437784596959,0
1147,2008,86.94976596501546,2.626844960889178,2.7991055026603555,0.3476774836500584,7.276606087784946,0
1147,2009,87.02409408003786,2.7166495709713345,2.717858837791927,0.3492780185465763,7.192119492652312,0
1147,2010,87.0284006905888,2.817643163386509,2.6999789943652255,0.35165300581237713,7.102324145847098,0
1147,2011,86.97351450713124,2.894742266446806,2.7479857316837655,0.35216930739189906,7.031588187346284,0
1147,2012,87.10463036383982,2.838834886344265,2.596184225664169,0.35764210413483133,7.102708420016909,0
1147,2013,87.09563255075373,2.8239482393918425,2.5589900283378375,0.35779699460868797,7.1636321869079,0
1147,2014,86.49506019736742,2.6917382290223415,2.823303647343363,0.3603268723483454,7.629571053918531,0
1147,2015,86.0897952063402,2.7393851993721534,3.3297656476990074,0.3606366532960585,7.480417293292585,0
1147,2016,85.68811146232795,3.074478018875118,3.793447959749464,0.3616176262971501,7.082344932750312,0
1147,2017,86.07205787120921,2.9937810070168864,3.420336212549064,0.37060127378083146,7.143223635443996,0
1147,2018,86.4685093655741,2.835752956906554,2.9161223156305525,0.37338930231024975,7.406226059578536,0
1147,2019,86.48962773963743,2.808976228303523,2.7814156332349005,0.3740604943636283,7.5459199044605105,0
1147,2020,86.25934357302432,3.096392730718118,3.035074534673106,0.3782425371577558,7.230946624426688,0
1147,2021,85.63021639434417,3.0849089833300662,3.5971388689037855,0.3780876466838992,7.30964810673807,0
1147,2022,85.43337873318728,2.811479866864903,3.8496949791767134,0.3805658942656045,7.524880526505494,0
1329,2000,92.36500839979254,0.5092767658385682,7.089221010533098,0,0.03649382383579812,0
1329,2001,90.70241386364941,0.4749684049297996,8.784944150348922,0,0.037673581071869175,0
1329,2002,90.7291427799935,0.48823164669862,8.745659846577656,0,0.03696572673022654,0
1329,2003,90.55350973730046,0.5074807335020742,8.902437054879266,0,0.036572474318202854,0
1329,2004,87.78861345090864,0.5143583691297386,11.658568094065705,0,0.038460085895916554,0
1329,2005,86.54009634710201,0.5083823909499732,12.912274671228058,0,0.03924659071996393,0
1329,2006,85.2081943486425,0.5005726228080537,14.2506493796286,0,0.04058364892084446,0
1329,2007,84.58953427791684,0.47699024577702154,14.886072594622707,0,0.047402881683431174,0
1329,2008,83.972967349522,0.46559445047145526,15.520329990740283,0,0.04110820926627289,0
1329,2009,82.3078252984501,0.4873615529484024,17.1650419975361,0,0.03977115106539236,0
1329,2010,82.44852866982617,0.45134663092254157,17.057600781301726,0,0.04252391794955816,0
1329,2011,82.65524494128734,0.45326418305458177,16.85305678279358,0,0.03843409286451183,0
1329,2012,82.74867496060993,0.408124801674425,16.8071230254985,0,0.036077212217148984,0
1329,2013,82.09627624997263,0.392480916603051,17.480516487835466,0,0.030726345588847574,0
1329,2014,81.42744918470937,0.3938685815097877,18.147877237709586,0,0.03080499607125231,0
1329,2015,80.87525562169998,0.3916734924675297,18.702029938314038,0,0.031040947518466526,0
1329,2016,80.08647484503688,0.3908136234630468,19.493479545076923,0,0.029231986423157573,0
1329,2017,79.23754936674061,0.3765579404424944,20.35579555108728,0,0.030097141729609676,0
1329,2018,78.04374206615988,0.3811609026146673,21.547044802038368,0,0.0280522291870865,0
1329,2019,77.3118206117187,0.38491446175324273,22.274504842999328,0,0.028760083528729136,0
1329,2020,76.98811811650992,0.39168671837402746,22.593454001098443,0,0.02674116401761069,0
1329,2021,75.59001126741444,0.40957416234739435,23.98287958760172,0,0.017534982636449637,0
1329,2022,74.39962998611846,0.3658328887759986,25.212043087137797,0,0.022494037967754874,0
1382,2000,99.72534353456629,0,0.2735970624202669,0,0.0010594030134453126,0
1382,2001,99.72446113198059,0,0.27447946500596715,0,0.0010594030134453123,0
1382,2002,99.7265162190622,0,0.27250587046384794,0,9.779104739495192e-4,0
1382,2003,99.73328049533418,0,0.2653341314943799,0,0.0013853731714284854,0
1382,2004,99.73855953198071,0,0.2598106172293694,0,0.0016298507899158653,0
1382,2005,99.7293019592054,0,0.2695571452416641,0,0.0011408955529411055,0
1382,2006,99.71953580671789,0,0.2801382231241359,0,3.25970157983173e-4,0
1382,2007,99.71134447531706,0,0.28824806198545794,0,4.0746269747896633e-4,0
1382,2008,99.69450266799566,0,0.30435643645139165,0,0.0011408955529411055,0
1382,2009,99.65474911928338,0,0.3448434180191356,0,4.0746269747896633e-4,0
1382,2010,99.61902617188817,0,0.38056636541435324,0,4.0746269747896633e-4,0
1382,2011,99.58036333631806,0,0.4187402457474889,0,8.964179344537258e-4,0
1382,2012,99.54401400329628,0,0.45549704146674896,0,4.889552369747596e-4,0
1382,2013,99.5346467620704,0,0.4653532379296095,0,0,0
1382,2014,99.52117669219727,0,0.4788233078027372,0,0,0
1382,2015,99.48478409110307,0,0.5146454611204639,0,5.704477764705529e-4,0
1382,2016,99.41592108838047,0,0.5836714489220609,0,4.0746269747896633e-4,0
1382,2017,99.34550748838903,0,0.6544925116109707,0,0,0
1382,2018,99.1707234759353,0,0.8292765240646887,0,0,0
1382,2019,98.85067852982698,0,1.1493214701730112,0,0,0
1382,2020,98.63037476905804,0,1.3696252309419608,0,0,0
1382,2021,97.74645965200104,0,2.2535403479989666,0,0,0
1382,2022,97.05156941506155,0,2.9468822266880323,0,0.001548358250420072,0
1503,2000,95.67767292744959,0.3615998039044387,2.8856677631670236,0,1.0750595054789531,0
1503,2001,95.04125111769672,0.3647520634611193,3.518262239571495,0,1.075734579270661,0
1503,2002,94.05391649632678,0.3610087539951686,4.497085786111931,0,1.0879889635661297,0
1503,2003,91.88686033231153,0.3599086746390733,6.657826716151272,0,1.0954042768981314,0
1503,2004,88.81815886086446,0.37442492559324003,9.728043400394988,0,1.079372813147308,0
1503,2005,83.77608146610677,0.36278804942303616,14.780752647672546,0,1.0803778367976353,0
1503,2006,83.58895465875027,0.36212641825773023,14.96924814063533,0,1.0796707823566674,0
1503,2007,82.20391522915335,0.3591886711223698,16.350847142414707,0,1.0860489573095697,0
1503,2008,81.47236150257008,0.36306516931601485,17.071980047696574,0,1.0925932804173388,0
1503,2009,81.20804628314275,0.3646920063420665,17.329965466693068,0,1.0972962438221152,0
1503,2010,80.88734311797432,0.3631922775824909,17.650140030232826,0,1.0993245742103692,0
1503,2011,79.80922265729696,0.36265536210294047,18.727495468626003,0,1.1006265119741057,0
1503,2012,78.85640654252668,0.37528562956202327,19.653849086093064,0,1.114458741818234,0
1503,2013,75.90020939573704,0.38005359961880547,22.60081364101593,0,1.1189233636282219,0
1503,2014,75.55670741843726,0.37190189888014924,22.93465214943515,0,1.136738533247452,0
1503,2015,72.77851758211109,0.3642409343740184,25.710612406815443,0,1.1466290766994534,0
1503,2016,69.00202343547566,0.3668648314214541,29.49223985335615,0,1.138871879746734,0
1503,2017,67.3644840546574,0.36409869003660583,31.127959083448527,0,1.143458171857467,0
1503,2018,64.9105817365507,0.367715047944153,33.579322636568136,0,1.142380578937017,0
1503,2019,61.17203018517105,0.3696759684845932,37.2916340689711,0,1.1666597773732492,0
1503,2020,58.12240340893935,0.37309271419485607,40.35645335090444,0,1.1480505259613634,0
1503,2021,52.596952335939164,0.386985273473464,45.86694796863268,0,1.1491144219546885,0
1503,2022,47.49656026204226,0.3538728470848707,50.97076126076448,0,1.1788056301083862,0
1561,2000,92.49356418406448,0.25349930364484885,0.07045540443574894,0,7.182481107854921,0
1561,2001,92.49939102429919,0.21165554140328519,0.060212487695157156,0,7.228740946602374,0
1561,2002,92.48950301941765,0.17737010630812639,0.05687354894144731,0,7.276253325332769,0
1561,2003,92.5139892110639,0.2078035460628418,0.0563776669483221,0,7.221829575924925,0
1561,2004,92.50593342660996,0.17258131262652351,0.07290706671916286,0,7.248578194044357,0
1561,2005,92.51032969803063,0.26244611298958587,0.09244481724829663,0,7.134779371731486,0
1561,2006,92.49226834087354,0.15810672222121028,0.09190719247183805,0,7.257717744433405,0
1561,2007,92.48681651445627,0.25374441248882257,0.12953250476721762,0,7.129906568287692,0
1561,2008,92.46174075812168,0.20577475364916792,0.14732978118456175,0,7.1851547070445925,0
1561,2009,92.45573739002789,0.2052815708466822,0.15622534270729935,0,7.182755696418125,0
1561,2010,92.46848175574726,0.19658962047446182,0.16263319651403332,0,7.172295427264236,0
1561,2011,92.50593481562471,0.21500561806556281,0.1512627215418673,0,7.12779684476785,0
1561,2012,92.50853152509862,0.25567112516540835,0.14289884525782187,0,7.092898504478145,0
1561,2013,92.61762775275668,0.1881485533894041,0.1407522942956343,0,7.0534713995582905,0
1561,2014,92.74709671652457,0.3839744044893221,0.13626168158027077,0,6.732667197405841,0
1561,2015,92.72144604801701,0.35943163710016346,0.10889067469933926,0,6.810231640183487,0
1561,2016,92.74867666138886,0.4994967643683278,0.11906535936206883,0,6.632761214880745,0
1561,2017,92.71897388024276,0.4386586271578655,0.12224176167158218,0,6.720125730927793,0
1561,2018,92.67492103049229,0.4508757844329251,0.15077226176640518,0,6.723430923308392,0
1561,2019,92.72541719330573,0.4300517823797535,0.15390914878501233,0,6.6906218755295095,0
1561,2020,92.76326177915789,0.4651093115853109,0.16753345400977654,0,6.6040954552470374,0
1561,2021,92.73191648663301,0.570123581048516,0.18548694265417756,0,6.512472989664291,0
1561,2022,92.5389045176339,0.13607330583117658,0.21084125760538797,0,7.114180918929551,0
1571,2000,99.11186791391285,0.014495157986039103,0.5907184712440826,0,0.2828762935292747,4.216332776029064e-5
1571,2001,98.71639543260466,0.015409566515454085,0.9944076112642166,0,0.27374522628791287,4.216332776029064e-5
1571,2002,97.97727818117353,0.01614059015522003,1.7291422654352746,0,0.2774389632359682,0
1571,2003,96.58894762944452,0.015594468645314184,3.1074668409106354,0,0.2879910609995236,0
1571,2004,94.58386829972008,0.014761473070650885,5.10727604101716,0,0.29409418619211297,0
1571,2005,92.09150259515212,0.01712468870049237,7.606628298989794,0,0.2847444171575975,0
1571,2006,91.38178654087456,0.018204481399347366,8.319571365725672,0,0.2804376120004285,0
1571,2007,90.98769188801478,0.016629560184952187,8.70338055255748,0,0.29229799924279354,0
1571,2008,90.70017035092187,0.01565931236066602,8.98311482864931,0,0.3010555080681684,0
1571,2009,90.56808340280669,0.01546316831659871,9.114172634057097,0,0.3022807948196095,0
1571,2010,90.38866289447822,0.015921927480202668,9.288114430454035,0,0.3073007475875339,0
1571,2011,90.18404295694407,0.01608080384006923,9.480346296523818,0,0.3195299426920457,0
1571,2012,90.00995758555084,0.01807948237181442,9.649863289037157,0,0.32209964304019334,0
1571,2013,89.69278678791515,0.013968052266282418,9.97342127579234,0,0.3197875802597141,3.6303766501543424e-5
1571,2014,89.62702054573224,0.014226429304601353,10.026180076689682,0,0.3325729482734774,0
1571,2015,89.4102641154666,0.014494957810678475,10.2365330564314,0,0.33870787029133026,0
1571,2016,88.8234782204418,0.01566961855486326,10.83103732802599,0,0.3297726696495837,4.216332776029064e-5
1571,2017,87.58407477811247,0.01673486267370884,12.0743048584731,0,0.3248855007407355,0
1571,2018,86.30888781185404,0.015200002038729806,13.33539446939292,0,0.340517716714322,0
1571,2019,83.10720829651262,0.015302031645347573,16.53077434125724,0,0.3467153305847888,0
1571,2020,77.64054831162547,0.015080819243360088,21.99827904712018,0,0.34609182201099425,0
1571,2021,70.65092959446471,0.018241916062300287,28.98204482959239,0,0.34878365988059207,0
1571,2022,66.67997884955098,0.010735223676011374,32.91139621322638,0,0.39788971354662594,0
1654,2000,98.95000031143452,0.05850981301788865,0.02497903052736373,0,0.9665108450202284,0
1654,2001,98.95407634467985,0.05936329804806664,0.023371275652182406,0,0.9631890816198971,0
1654,2002,98.93690868264119,0.059880431543995756,0.020409374982274308,0,0.9828015108325443,0
1654,2003,98.9106121767836,0.06036516997658084,0.05736483282224226,0,0.9716578204175781,0
1654,2004,98.84798195624555,0.05989587121391423,0.11819175229999469,0,0.9739304202405519,0
1654,2005,98.61285613172909,0.05860746060376792,0.3401989985794802,0,0.9883374090876689,0
1654,2006,97.16090661961805,0.06182107967401554,1.7886682434383276,0,0.9886040572696108,0
1654,2007,96.95432960763644,0.05962941266466875,1.988976132261646,0,0.9970648474372488,0
1654,2008,96.95773326393035,0.06131886683812522,1.9886537723740236,0,0.9922940968574887,0
1654,2009,96.93918827452109,0.05815042109502724,2.011937972185436,0,0.9907233321984377,0
1654,2010,96.75514061100088,0.061465084007480186,2.2058481734216326,0,0.9775461315700026,0
1654,2011,96.7699392302592,0.060947866213395055,2.1882439463421046,0,0.9808689571853072,0
1654,2012,96.8665517665112,0.0597806014057073,2.087518441570968,0,0.9861491905121221,0
1654,2013,96.85696492591624,0.061851462218707284,2.108745399048108,0,0.972438212816942,0
1654,2014,96.79734891948712,0.06041494608029828,2.1561161924773034,0,0.9861199419552685,0
1654,2015,96.38107381967635,0.06202690474704,2.560605530584509,0,0.9962937449921044,0
1654,2016,95.83184546429936,0.06622197845983283,3.1186697516900135,0,0.9832628055507809,0
1654,2017,95.66102398840181,0.06355030005714148,3.2851315838032495,0,0.9902941277377961,0
1654,2018,94.42149035558782,0.06384300416698706,4.52728195433651,0,0.9873846859086907,0
1654,2019,92.11167515632968,0.06067587354752753,6.829858348101755,0,0.9977906220210463,0
1654,2020,91.26262229691436,0.06146907720449354,7.6778250265256975,0,0.9980835993554444,0
1654,2021,90.53587950002621,0.07153688939177624,8.407296616644212,0,0.9852869939377953,0
1654,2022,87.43919793328064,0.046012768513790006,11.548139093203025,0,0.9666502050025595,0
1686,2000,98.90127543792757,0.04225853342805006,0.5789930316429684,0,0.4774729970014224,0
1686,2001,98.8487131659332,0.04788381398883383,0.634639232187869,0,0.46876378789008405,0
1686,2002,98.7824149328042,0.04623592847004601,0.6920678176365652,0,0.4792813210891897,0
1686,2003,98.68071429153234,0.049814233235188,0.7930284782029269,0,0.47644299702954646,0
1686,2004,98.55255600256213,0.06539883739477895,0.9104735987734768,0,0.47157156126960803,0
1686,2005,98.40407187487159,0.07041440438706936,1.0592626165983177,0,0.46625110414301996,0
1686,2006,98.27437961596863,0.0625514772128951,1.1970061362604818,0,0.46606277055800993,0
1686,2007,98.18875563070874,0.06947273646201856,1.280935119255272,0,0.46083651357397787,0
1686,2008,98.12059140721806,0.08821192817052971,1.3313489023587233,0,0.4598477622526744,0
1686,2009,98.02293716076177,0.08727026024547892,1.4215168888108665,0,0.4682756901818793,0
1686,2010,97.93829204085289,0.09939304948911329,1.5078817046243147,0,0.4544332050336833,0
1686,2011,97.87995268532079,0.09176553929620171,1.5658443929863957,0,0.46243738239661514,0
1686,2012,97.8060857773842,0.08884640207859529,1.6492689225838928,0,0.4557988979533157,0
1686,2013,97.73122553079409,0.06652883890483993,1.7316161438924977,0,0.4706294864085773,0
1686,2014,97.60395292180579,0.06558717097978911,1.8615247083566173,0,0.46893519885782564,0
1686,2015,97.48182013621245,0.0654706477805526,1.9874936388031794,0,0.4652155772038238,0
1686,2016,97.32872106425161,0.0674234567836893,2.143784168667062,0,0.46007131029762816,0
1686,2017,97.07920661989759,0.07119012848389254,2.3895464700730846,0,0.4600567815454411,0
1686,2018,96.7223963814429,0.06961398665077617,2.7460495145107746,0,0.4619401173955427,0
1686,2019,96.15152754645932,0.08001941722258765,3.316385608218867,0,0.45206742809921396,0
1686,2020,95.77304242250545,0.08049025118511309,3.693696722973472,0,0.45277060333595653,0
1686,2021,95.31246848383235,0.07874816552376906,4.139139321256377,0,0.46964402938749994,0
1686,2022,94.8139372840441,0.05929204669019682,4.625571008682388,0,0.5011996605833079,0
1811,2000,72.47177248445009,9.69671473817735,1.4678353053459385,0.13776979413214227,16.225907677894487,0
1811,2001,72.42329422664591,10.012878172980862,1.3910444658018968,0.15454003671426506,16.018243097857066,0
1811,2002,72.25871050792179,10.001312079039689,1.4222556408682239,0.16714787448865012,16.150573897681657,0
1811,2003,72.56033755160684,9.488473565225533,1.460443937201851,0.17170890446409848,16.31903604150168,0
1811,2004,72.47507736233763,9.796817666518288,1.5842505580032469,0.17742999158237366,15.966424421558465,0
1811,2005,72.53482185143908,9.685094712917888,1.6501870887454557,0.17868007780833817,15.95121626908924,0
1811,2006,72.97047893677009,9.125683088290684,1.587723906679166,0.18059031497187614,16.135523753288183,0
1811,2007,73.33055726340112,8.683151441770596,1.4955960183295218,0.18577562763986308,16.304919648858903,0
1811,2008,73.37349114470489,8.419950387116222,1.5570498207162156,0.1859642630505525,16.463544384412128,0
1811,2009,73.0860948573525,8.862426532723406,1.7013818695599439,0.19332274854496445,16.15677399181917,0
1811,2010,72.71713928840346,9.133046745772377,1.9417716263750577,0.19794167712786342,16.010100662321243,0
1811,2011,72.47161851846181,9.286272034594175,2.0655992188989685,0.20048604293219371,15.976024185112852,0
1811,2012,72.3862550591538,9.329909678045105,2.044476872476607,0.2073537252055282,16.03200466511897,0
1811,2013,72.60002137965867,8.944063047124144,2.096818830543551,0.2088972880063993,16.150199454667238,0
1811,2014,72.68000584197775,9.064571163616524,2.1907827935422364,0.21126076010500489,15.853379440758491,0
1811,2015,72.37833764552505,9.217400776622062,2.4269860629072735,0.21315770474244286,15.764117810203174,0
1811,2016,72.26546701026767,9.28091102807869,2.588941546067843,0.21471139480306634,15.64996902078273,0
1811,2017,72.55762789070381,9.01791760325506,2.561497404220991,0.21614861734017005,15.646808484479966,0
1811,2018,72.59140594552545,9.140310259002932,2.550657394852633,0.2175185194696135,15.500107881149372,0
