id_registry,year,Forest_pctg,Non_Forest_Natural_pctg,Farming_pctg,Non_vegetated_area_pctg,Water_pctg,Not_Observed_pctg
1094,2000,99.6600913255494,0.10019756542044347,5.938943056987962e-4,0,0.23911721472445513,0
1094,2001,99.6706999799707,0.10015325180687004,3.676488559087786e-4,0,0.22877911936651169,0
1094,2002,99.66934073126808,0.10156274101405245,2.8280681223752195e-4,0,0.22881372090562727,0
1094,2003,99.67570272140821,0.1016751173158911,4.24210218356283e-4,0,0.22219795105754003,0
1094,2004,99.67528559626405,0.1012510649724299,5.656136244750439e-4,0,0.22289772513903922,0
1094,2005,99.673038977442,0.10096059912754154,0.0010746658865025836,0,0.22492575754395633,0
1094,2006,99.66778453355485,0.1066478491473889,0.0041572601398915734,0,0.22141035715788066,0
1094,2007,99.6555486780917,0.10344799435790218,0.011934447476423428,0,0.22906888007398332,0
1094,2008,99.63356277831366,0.10914587999019695,0.03827184500936224,0,0.2190194966867641,0
1094,2009,99.62125923399053,0.11330611895307773,0.050045046403672334,0,0.21538960065271992,0
1094,2010,99.62506030744242,0.11368205821974335,0.04367380981470256,0,0.21758382452312597,0
1094,2011,99.64887588181995,0.10546263580549471,0.030401732315533617,0,0.21525975005902234,0
1094,2012,99.6554098860763,0.10392193359781703,0.025933384682180767,0,0.21473479564371056,0
1094,2013,99.6809009524536,0.10724447092316958,0.018693530288900206,0,0.1931610463343325,0
1094,2014,99.68795151218147,0.10478437558244487,0.014168621293099851,0,0.1930954909429856,0
1094,2015,99.68528854574721,0.10324800541296121,0.013998937206333493,0,0.1974645116334868,0
1094,2016,99.67844102613451,0.10497325358771922,0.027153371758440067,0,0.1894323485193417,0
1094,2017,99.67450474136396,0.10394899342389469,0.035664730462754805,0,0.18588153474939476,0
1094,2018,99.66842810714998,0.10667831372034173,0.042446702543333506,0,0.1824468765863542,0
1094,2019,99.66647606438225,0.1054476842132928,0.045886372466023416,0,0.1821898789384388,0
1094,2020,99.6483464453063,0.108125863451624,0.0662600230724807,0,0.17726766816959502,0
1094,2021,99.6374434225685,0.11880530924269013,0.07349987746576127,0,0.17025139072305143,0
1094,2022,99.59046304363432,0.10985657440282878,0.09480061976692772,0,0.20487976219592785,0
1112,2000,98.95446418663677,0.13565740924119485,0.4137014309888936,0.004785716574676648,0.49139125655846877,0
1112,2001,98.95700177666787,0.17582948047257432,0.423442716011684,0.005812721338878186,0.4379133055089978,0
1112,2002,98.91582220442676,0.18112715708595042,0.4540923441755132,0.0056851566405803555,0.44327313767120424,0
1112,2003,98.90098597284549,0.16441314188947614,0.4551010976399199,0.005805158075240214,0.47369462954987435,0
1112,2004,98.8923534087647,0.19459699030007538,0.4622140170842277,0.005948464259643307,0.44488711959135374,0
1112,2005,98.84778045181932,0.19753582697225872,0.5159789255710718,0.006674652802402133,0.4320301428349574,0
1112,2006,98.81732817409451,0.2061012395681479,0.5445843018883971,0.007078803706789492,0.42490748074214885,0
1112,2007,98.76573920890056,0.22259205578063881,0.5822531799415558,0.007225459258922597,0.422190096118318,0
1112,2008,98.67946348530292,0.21187919646711859,0.6495795391061815,0.006678461377875019,0.45239931774590697,0
1112,2009,98.53103311239863,0.2162757619832513,0.788398146489285,0.0067032345482730266,0.45758974458056595,0
1112,2010,98.38354503237767,0.24286800935811945,0.9344324352391232,0.007263595370717142,0.4318909276543898,0
1112,2011,98.30122385885986,0.25988338066868927,0.9971816488471024,0.007283082973902224,0.43442802865044877,0
1112,2012,98.22071089622474,0.2985060199019304,1.0583538362013665,0.0076374724490844105,0.41479177522286076,0
1112,2013,98.07403428548056,0.23725515774146513,1.2308606503552426,0.008379450817223367,0.44947045560550625,0
1112,2014,97.93959217732493,0.22671864833607525,1.371462867114277,0.009206144810462398,0.45302016241424564,0
1112,2015,97.82742099224535,0.24424030899655494,1.4643926030380667,0.009544558764629934,0.45440153695540714,0
1112,2016,97.717807325480507,0.29808917255603684,1.5955118759897329,0.009716907958934507,0.3788747180147712,0
1112,2017,97.71533188660615,0.2446042086537629,1.5920911158357631,0.009497255140422056,0.4384755337638987,0
1112,2018,97.76004547713461,0.3131927434482715,1.5301453475411813,0.009653512108866572,0.3869629197670805,0
1112,2019,97.7298119431118,0.298419460900546,1.5381185911167172,0.009596502584044878,0.4240535022868934,0
1112,2020,97.66623769535872,0.32780984226136506,1.6006841415054749,0.009843134886982388,0.3954251859874583,0
1112,2021,97.46555783294293,0.37093336274824806,1.7752515051107574,0.009665890022386906,0.3785914091756792,0
1112,2022,97.33881545689448,0.25212560702139747,1.9735218555256457,0.010175206494115088,0.4253618740643499,0
1113,2000,98.82190543270872,0.022103761601445126,1.0119076406113374,2.879617647998383e-4,0.14379520331369822,0
1113,2001,98.7272441346111,0.018245637692366198,1.1078327254927933,3.475495349470541e-4,0.14632995266878032,0
1113,2002,98.59931294915218,0.021467001439345525,1.2312419957847585,3.475495349470541e-4,0.14763050408877354,0
1113,2003,98.47766913014188,0.02815952619975317,1.3477708016886631,3.4754953494705416e-4,0.1460529924347666,0
1113,2004,98.18257852976751,0.028737655193744844,1.6345803653966686,3.502896713552627e-4,0.15375315997073233,0
1113,2005,97.65330129975591,0.03801791831420123,2.162464315438616,3.502896713552627e-4,0.14586617681991676,0
1113,2006,97.45198073095166,0.036890530132537104,2.356413433743995,3.82281818534156e-4,0.15433302335327279,0
1113,2007,97.31830128636483,0.050237794214464726,2.4860732940452257,3.8228181853415587e-4,0.14500534355693734,0
1113,2008,97.1615085024589,0.03897291347412469,2.6379053282079323,3.8228181853415587e-4,0.16123097404050504,0
1113,2009,96.89883563425373,0.04513602358853065,2.892296933937164,3.82281818534156e-4,0.16334912640204333,0
1113,2010,96.63257044210114,0.047933734951256746,3.1617690386799873,3.9235873210158946e-4,0.15733442553551197,0
1113,2011,96.3566664662175,0.040490045155025745,3.4333291717010646,3.9235873210158957e-4,0.16912195819430992,0
1113,2012,96.12955946474084,0.03401463158927679,3.6677069397441606,3.9235873210158946e-4,0.16832660519362022,0
1113,2013,95.80996211568902,0.031130725535024373,3.9850579717300225,3.9235873210158946e-4,0.17345682831383097,0
1113,2014,95.48497401377209,0.03533374130617119,4.306185758047144,4.518739159950133e-4,0.1730546129586069,0
1113,2015,95.09896141619278,0.03422737271298793,4.693010137319867,4.518739159950133e-4,0.17334919985836833,0
1113,2016,94.71286974578577,0.03377885587569806,5.081824945010492,4.518739159950133e-4,0.1710745794120533,0
1113,2017,94.40044907450456,0.02967725337826439,5.396397716633993,4.518739159950134e-4,0.17302408156718452,0
1113,2018,93.97221611208747,0.036089946681289335,5.827167538111209,4.518739159950133e-4,0.1640745292040536,0
1113,2019,93.0816217993167,0.035216950916577366,6.7134567193365164,4.518739159950133e-4,0.1692526565142195,0
1113,2020,92.29508512702932,0.03902210266013175,7.499368891688826,5.114616861422291e-4,0.1660124169355768,0
1113,2021,91.05526659094419,0.03941218913499998,8.74367088252366,5.11461686142229e-4,0.16113887571101265,0
1113,2022,89.6816560710122,0.018735363215054934,10.137122892461678,6.306372264366606e-4,0.16185503608464125,0
1115,2000,93.4024754434263,4.601399837984908,1.5833666794588808,0.047234677899040116,0.3655233612308662,0
1115,2001,93.40906248661341,4.738131490487936,1.5471595034674752,0.05040038861455788,0.2552461308166381,0
1115,2002,93.3042040292562,4.732810252319897,1.6278815943785492,0.05291191902430148,0.28219220502105735,0
1115,2003,93.3292132670877,4.5373727177075205,1.7394548898175686,0.0559619964156685,0.33799712897155015,0
1115,2004,93.27109115521964,4.610643851230796,1.8480081743971644,0.057556804352327094,0.2127000148000738,0
1115,2005,93.34158874279453,4.508657418010515,1.8236720089737826,0.05765318732358246,0.2684286428975949,0
1115,2006,93.4613315854434,4.366525171816168,1.7829710540232013,0.05779605552281611,0.3313761331943966,0
1115,2007,93.48059963724484,4.283762465150668,1.7671576175171029,0.06235198842360856,0.4061282916637793,0
1115,2008,93.3307246010333,4.237192708216096,1.9178925269424596,0.06123428011373005,0.45295588369440776,0
1115,2009,93.10282357326012,4.423234584763861,2.0812544474740435,0.0627489998572477,0.329938394644726,0
1115,2010,92.74746307636373,4.525951609175068,2.395587022017918,0.06548602122302416,0.2655122712202498,0
1115,2011,92.50800531122397,4.610432920769121,2.5541953310601,0.06715331749097729,0.26021311945583264,0
1115,2012,92.51110522808183,4.721615789890864,2.499018575434139,0.07109826141372344,0.19716214517945146,0
1115,2013,92.7574031336348,4.379566248793379,2.5060007024566886,0.07100597327743008,0.2860239418377076,0
1115,2014,92.60133072890784,4.5343270582217965,2.649692596903464,0.07318720466367462,0.1414624113032324,0
1115,2015,92.1330249387398,4.713678129961661,3.015095704589509,0.07392400403680935,0.06427722267222902,0
1115,2016,91.47201273918596,4.6638067210157566,3.730796008713107,0.07447335525528112,0.05891117582988589,0
1115,2017,91.46583359916137,4.6492468979102854,3.7547512795666544,0.07523513714503001,0.054933086216666586,0
1115,2018,91.94787728925043,4.689756475935434,3.243987600713948,0.07551027774684381,0.042868356353352566,0
1115,2019,91.68006504990484,4.842577429886793,3.3585798354584284,0.07590765819799011,0.04287002655194447,0
1115,2020,91.46748776323774,5.147727684939355,3.263950910060464,0.07594474923352323,0.0448888925289176,0
1115,2021,91.8322398290948,4.866836301938558,3.172786902973595,0.07578691380461362,0.052350052188440785,0
1115,2022,91.86596365825535,4.19682025769126,3.4551419734876534,0.07605226500604814,0.40602184555968596,0
1118,2000,95.42623594147757,0.26014613701390876,4.261014009764362,0,0.05260391174415799,0
1118,2001,95.10258730193179,0.2616520017457698,4.590672476278003,0,0.0450882200444388,0
1118,2002,95.04096363456266,0.2623467887891277,4.650959166350691,5.1768189883487985e-5,0.04567864210763449,0
1118,2003,94.98831886297273,0.2593553316794387,4.697077700389747,8.744236298162572e-5,0.055160662595096124,0
1118,2004,94.84521080029639,0.2581789747661078,4.836288351163296,8.744236298162572e-5,0.06023443141122865,0
1118,2005,94.72305791131089,0.2577487729285594,4.961690373100136,8.744236298162572e-5,0.05741550029744895,0
1118,2006,94.64208819261356,0.25717940784579263,5.042502819180245,8.744236298162573e-5,0.05814213799741908,0
1118,2007,94.477093784233,0.25929898985113986,5.19993744360556,8.744236298162573e-5,0.0635823399473119,0
1118,2008,94.317970409988,0.2583534036137598,5.356012843104168,8.744236298162573e-5,0.06757590093108741,0
1118,2009,94.20855508549828,0.2670872892754292,5.469482478408686,8.744236298162572e-5,0.05478770445461496,0
1118,2010,94.23710062755546,0.260399990513168,5.443605664426832,8.744236298162573e-5,0.05880627514155225,0
1118,2011,94.1564872627694,0.25722999342413044,5.515497451088711,1.0769225149828582e-4,0.07067760046626076,0
1118,2012,94.1651010810353,0.2550566787844101,5.5010360645058105,1.5666340579391597e-4,0.07864951226868323,0
1118,2013,94.14334157562094,0.25354362171425715,5.526387387210155,1.56663405793916e-4,0.07657075204885319,0
1118,2014,94.00998706498672,0.25207907589093265,5.654641443969725,1.8942155087297598e-4,0.08310299360175603,0
1118,2015,93.77607788943517,0.2548809695245429,5.888817624302147,1.8942155087297593e-4,0.08003409518725839,0
1118,2016,93.58572582355961,0.25541767165576074,6.07680157822119,1.8942155087297598e-4,0.08186550501255455,0
1118,2017,93.30116413935724,0.25594247889789334,6.3578247058341555,1.8942155087297593e-4,0.08487925435982806,0
1118,2018,93.15809953716001,0.25297036392246497,6.497009684662737,1.8942155087297593e-4,0.0917309927039039,0
1118,2019,92.94347200272955,0.25756950162813846,6.697265061550637,1.8942155087297598e-4,0.10150401254080803,0
1118,2020,92.70306762075327,0.25684768463404095,6.962741094767133,1.8942155087297593e-4,0.07715417829468034,0
1118,2021,92.45871885359712,0.2586205634124611,7.214451032600937,1.8942155087297598e-4,0.06802012883860604,0
1118,2022,91.94007611585776,0.1713760469854069,7.784828768671287,2.3435582196344102e-4,0.10348471266358385,0
1147,2000,95.55832140077243,1.3021578374709322,0.6165049827386602,0,2.5230157790179795,0
1147,2001,95.73958213977933,1.3172552603692527,0.48141284277466523,0,2.4617497570767455,0
1147,2002,95.74796032705511,1.2906595079021588,0.4284798286291862,0,2.532900336413539,0
1147,2003,95.74551489629911,1.3026158156996768,0.35531018527047864,0,2.596559102730727,0
1147,2004,95.83803320180428,1.3057374919689033,0.3285492657392974,0,2.5276800404875273,0
1147,2005,95.80953012853696,1.3324531659996384,0.38690158868639357,0,2.471115116777006,0
1147,2006,95.64163125369961,1.34734685539665,0.5260288846013548,0,2.484993006302394,0
1147,2007,95.5819590871795,1.3147837908332727,0.5271037623193932,0,2.5761533596678223,0
1147,2008,95.56821004706927,1.308460390753738,0.49005158984947556,0,2.6332779723275244,0
1147,2009,95.61591213981585,1.3106060664251424,0.4853824454685251,0,2.5880993482904855,0
1147,2010,95.64778680199365,1.3162531349319935,0.461935119202402,0,2.5740249438719554,0
1147,2011,95.66853639458273,1.320863083010028,0.4701620082468636,0,2.540438514160368,0
1147,2012,95.70889635155392,1.3089855404172601,0.4117592590786201,0,2.570358848950212,0
1147,2013,95.70787917867563,1.3213374762677426,0.4142490648994395,0,2.5565342801571984,0
1147,2014,95.47187311222834,1.3061872072316785,0.5298727240043716,0,2.6920669565356143,0
1147,2015,95.34290025171157,1.3130401758006303,0.699032836871756,0,2.6450267356160384,0
1147,2016,95.14186694934408,1.3763172204411933,0.91744685947001825,0,2.564368970744715,0
1147,2017,95.27931985805331,1.3386474299985271,0.800235158053074,0,2.5817975538950844,0
1147,2018,95.39144163878625,1.3329729120458589,0.6228751425969569,0,2.652710306570948,0
1147,2019,95.379646073993,1.3200440671120584,0.5875291708022965,0,2.712780688092641,0
1147,2020,95.25379542237125,1.393325467659434,0.7090351605822062,0,2.643843949387109,0
1147,2021,94.95089273859024,1.3928295341574983,0.9613607481198265,0,2.6949169791324348,0
1147,2022,94.75840666817571,1.2689592934745852,1.1494593891595704,0,2.823174649190137,0
1329,2000,96.07775942432532,9.482667723276488e-4,3.920344042130014,0,9.482667723276488e-4,0
1329,2001,95.78564043255,0,4.213411300677675,0,9.482667723276488e-4,0
1329,2002,95.81988261229985,0,4.180117387700143,0,0,0
1329,2003,95.81615625762144,0,4.183843742378548,0,0,0
1329,2004,93.82410074011949,0,6.175899259880504,0,0,0
1329,2005,93.45645184032712,0.0023706669308191227,6.541177492742062,0,0,0
1329,2006,93.33998913588945,0.0033189337031467713,6.655901708097124,0,7.902223102730407e-4,0
1329,2007,93.2326503074977,0.0036350226272559875,6.763714669875023,0,0,0
1329,2008,93.23860791993731,0.0036350226272559875,6.7575990129733725,0,1.5804446205460815e-4,0
1329,2009,92.97015881369657,0.0033189337031467713,7.025732030290007,0,7.902223102730407e-4,0
1329,2010,92.96016038144616,0.003793067089310596,7.035888507002486,0,1.5804446205460818e-4,0
1329,2011,93.0712508683396,0.003951111547611849,6.923217575492231,0,0.0015804446205460814,0
1329,2012,93.15215273152198,0.004133533991888757,6.8427654677137975,0,9.48266772327649e-4,0
1329,2013,93.04369512056897,0.002956916043053284,6.952399696615648,0,9.482667723276488e-4,0
1329,2014,92.89220653045479,0.004590788631453097,7.102254414141433,0,9.48266772327649e-4,0
1329,2015,92.82331812430365,0.0012982119814606923,7.174935887381875,0,4.477763330094574e-4,0
1329,2016,92.88121040941837,0.0017459883144701498,7.11609533549484,0,9.48266772327649e-4,0
1329,2017,92.87411842181518,0.0028957016360496163,7.121673627016515,0,0.0013122495322635665,0
1329,2018,92.76891150965176,0.004639100407947692,7.225458139019011,0,9.912509212856037e-4,0
1329,2019,92.6207779335271,0.004449835077456055,7.3729907581638985,0,0.0017814732315586449,0
1329,2020,92.5368603260443,0.0051562179354155725,7.457983456020275,0,0,0
1329,2021,92.40247551441958,0.008694308602940112,7.58883017697748,0,0,0
1329,2022,90.8799358285846,0.004425244937529028,9.11563892647787,0,0,0
1382,2000,99.81064396374667,0.0015154001833112061,0.1530819981674616,0,0.034758637902557094,0
1382,2001,99.81155954812564,0.00161615252648214,0.15186794579131216,0,0.034956353556551564,0
1382,2002,99.80328999115649,0.003071874279098721,0.15883606378143109,0,0.03480207078298216,0
1382,2003,99.79804475024827,0.0012913507443361929,0.16558789646683633,0,0.03507600254056375,0
1382,2004,99.79102564523511,3.4565443052184477e-4,0.17069527822456743,0,0.037933422109791975,0
1382,2005,99.7809815413376,0.0023865129274950173,0.1810506073658917,0,0.03558133836901737,0
1382,2006,99.76764883382047,0.0016151076616006514,0.1943753472706506,0,0.03636071124727462,0
1382,2007,99.75840330504865,0.00667497505760969,0.2006145202540585,0,0.03430719963969114,0
1382,2008,99.74251900640061,0.004099299312276013,0.21526277546121517,0,0.038118918825891975,0
1382,2009,99.72345380773962,0.003041462356592658,0.23369715777066838,0,0.03980757213312465,0
1382,2010,99.70234166943644,0.004495303988931867,0.25494865919256576,0,0.03821436738206998,0
1382,2011,99.67787072634412,0.0029963513444862646,0.2770063408601026,0,0.04212658145128178,0
1382,2012,99.64728466558367,0.0032990332175212717,0.30827373763025795,0,0.041142563568549215,0
1382,2013,99.62124608900889,0.0024500634533820786,0.33520366553975994,0,0.041100181997969484,0
1382,2014,99.59736054811897,0.004334317562888862,0.3564465448102508,0,0.04185858950788422,0
1382,2015,99.56718574814344,0.005539409177845613,0.3875157872048512,0,0.03975905547385563,0
1382,2016,99.52926540423712,0.004530472325373891,0.4256653886793413,0,0.040538734758153255,0
1382,2017,99.48315210920896,0.0049062180943904386,0.47008161334443,0,0.04186005935222269,0
1382,2018,99.41358035488327,0.006493127838174909,0.5423901142268734,0,0.03753640305168074,0
1382,2019,99.24801488262408,0.004454472703722716,0.7087216921432092,0,0.0388089525289845,0
1382,2020,99.0864493674836,0.003261662354839029,0.8709704653927244,0,0.039318504768844444,0
1382,2021,98.75077017984343,0.0040939976696170825,1.2073891163033446,0,0.03774670618361822,0
1382,2022,98.46137436089066,0.003844182119953358,1.495819294681071,0,0.038962162308330814,0
1503,2000,94.98167247006319,0.3141979722106283,0.1102867407407637,0.013341995003482947,4.580500821981926,0
1503,2001,94.98678403827013,0.31187281776344067,0.10953874363364301,0.013393772534051272,4.578410627798726,0
1503,2002,94.96526967237556,0.3005459945196848,0.11969428724166153,0.013341995003482947,4.6011480508596145,0
1503,2003,94.75846263176344,0.2921621314723424,0.3231979414827543,0.01329021747291462,4.612887077808554,0
1503,2004,94.46547838273875,0.3176284171461262,0.6268407180419183,0.013341995003482947,4.576710487069717,0
1503,2005,93.8705812251775,0.32210687422072776,1.232596873984271,0.013393772534051272,4.561321254083453,0
1503,2006,93.86009083824615,0.3208673917479397,1.24978465532898,0.013393772534051272,4.555863342142872,0
1503,2007,93.72159782847163,0.3162044714711746,1.3760677458099873,0.013393772534051272,4.572736181713166,0
1503,2008,93.57048215631309,0.3038128187350927,1.513088826896221,0.013393772534051272,4.599222425521562,0
1503,2009,93.57137205088661,0.29641705895174775,1.513423509272003,0.013290217472914622,4.605497163416736,0
1503,2010,93.54064134969495,0.317017852412019,1.5418077162549142,0.013393772534051272,4.587139309104068,0
1503,2011,93.48580911266126,0.31639306821536595,1.5978157175123915,0.01349732759518792,4.586484774015793,0
1503,2012,93.4778800430955,0.3133466687201349,1.583712317134243,0.013393772534051268,4.611667198516069,0
1503,2013,93.37216238560227,0.30297248602414895,1.6875545310913227,0.013549105125756244,4.62376149215651,0
1503,2014,93.33639920330278,0.2962070434771878,1.7046376949302438,0.013549105125756244,4.64920695316404,0
1503,2015,92.28330578649206,0.30124829383109836,2.745482967413738,0.013549105125756244,4.656413847137341,0
1503,2016,90.97324394712774,0.3173969341843935,4.0727808564802555,0.013341995003482947,4.623236267204139,0
1503,2017,89.4403680888507,0.3269334753820264,5.610282179158849,0.013341995003482947,4.609074261604946,0
1503,2018,87.91374145716412,0.3241043460345966,7.129234326614147,0.013341995003482947,4.6195778751836585,0
1503,2019,83.31636328191027,0.30582252965481094,11.688945897467406,0.013549105125756246,4.675319185841758,0
1503,2020,79.19145823020422,0.3162183305356411,15.835555007971273,0.01329021747291462,4.643478213815965,0
1503,2021,73.99850261920058,0.3221920717998125,21.035568545001933,0.013238439942346296,4.630498324055337,0
1503,2022,67.62801141440025,0.27392202496198126,27.401529856882355,0.013290217472914622,4.683246486282509,0
1561,2000,98.77067500838412,0.11252253923887473,0.04177525226127406,5.960298881342098e-4,1.0744311702275877,0
1561,2001,98.76179446709926,0.12113551541135549,0.05446280552382229,6.102420593676187e-4,1.0619969699061942,0
1561,2002,98.70542198747394,0.12143432647463259,0.10535615155246122,5.998867666684983e-4,1.0671876477322866,0
1561,2003,98.5835960951584,0.11981650629753315,0.23124047680223767,5.999134598782216e-4,1.0647470082819521,0
1561,2004,98.34542961754268,0.11128200578117393,0.46730499905761025,6.109304769814678e-4,1.0753724471415542,0
1561,2005,98.23085364774025,0.12797952007471053,0.5844815270451179,6.225501514070395e-4,1.0560627549885049,0
1561,2006,98.21694636413358,0.10277654740576934,0.5985835156088978,6.083750203188416e-4,1.0810851978314264,0
1561,2007,98.19506717051225,0.1267050772482346,0.6242705003460177,6.135393200635402e-4,1.053343712573438,0
1561,2008,98.1909774750099,0.11653054778027248,0.6281138130282672,6.174125448720642e-4,1.0637607516366792,0
1561,2009,98.20282655349739,0.11101901245350607,0.6186325047159738,6.225664976812748e-4,1.0668993628354444,0
1561,2010,98.22177198525854,0.11630211093504204,0.6030810270306384,6.302966010240874e-4,1.05821458017475,0
1561,2011,98.25131531128532,0.12571749225341616,0.5758249531285408,6.199946947444135e-4,1.0465222486379624,0
1561,2012,98.27324294404164,0.12992431472553692,0.5508898148698509,6.114043644874898e-4,1.0453315219984776,0
1561,2013,98.29030125426559,0.1111387541600579,0.5382973055394528,5.992990805667342e-4,1.0596633869543273,0
1561,2014,98.2949180806587,0.1462900713909001,0.537302207431969,6.032107205741433e-4,1.0208864297978515,0
1561,2015,98.30575729363717,0.1543475109925599,0.5266468367442083,6.160947767261664e-4,1.0126322638493328,0
1561,2016,98.30477351061802,0.18584926001697133,0.5301687765267944,5.77362528640927e-4,0.9786310903095711,0
1561,2017,98.29425904689069,0.18625488753518643,0.5393618275201596,5.49233096479247e-4,0.9795750049574874,0
1561,2018,98.27593298614904,0.201925662814264,0.5565271605654983,5.748070719783012e-4,0.9650393833992281,0
1561,2019,98.1779160039333,0.20170573154099738,0.6579969396123503,5.812624466591744e-4,0.9618000624666847,0
1561,2020,98.13992402786053,0.20618930528682064,0.6969579618742354,6.126954394236646e-4,0.9563160095390006,0
1561,2021,98.03560446787674,0.20632137248164317,0.7945134189870858,5.624553533290887e-4,0.9629982853012029,0
1561,2022,97.93330537705477,0.09564002982748063,0.8913190610243674,6.230240389130616e-4,1.0791125080544663,0
1571,2000,99.3835705861772,0.1898346903474541,0.02487138479864472,0,0.40169565043177796,2.768824492430049e-5
1571,2001,99.39289817085223,0.19070776856000296,0.02446810480213939,0,0.39189826754068474,2.768824492430049e-5
1571,2002,99.35027633913023,0.1933079485515833,0.07117334813463008,0,0.3852423641835645,0
1571,2003,99.2760233970899,0.18920470758923344,0.13655762473954014,0,0.39821427058132064,0
1571,2004,99.10645406952294,0.1874921892993035,0.2963565075738813,0,0.4096972336038778,0
1571,2005,99.01870336814198,0.1892504746215937,0.4028081568925331,0,0.389238000343891,0
1571,2006,99.02853802304227,0.19301130456798365,0.3970570646088036,0,0.3813936077809365,0
1571,2007,98.98712108571345,0.1876569059172317,0.4184515165899496,0,0.40677049177937163,0
1571,2008,99.02606312395574,0.19036845280304124,0.36270188780697105,0,0.42086653543423674,0
1571,2009,99.09972221147243,0.18693771026474282,0.2979243886582626,0,0.41541568960455977,0
1571,2010,99.14395581905109,0.17871103117402865,0.25508954986565197,0,0.4222435999092229,0
1571,2011,99.18397128179618,0.17725148298136004,0.20798374753003424,0,0.4307934876924266,0
1571,2012,99.19336309673781,0.1754624451336451,0.1964651622213069,0,0.4347092959072216,0
1571,2013,99.18892841676524,0.1773797299522698,0.20184160695607337,0,0.4318225580815076,2.768824492430049e-5
1571,2014,99.20047117138905,0.17060513309902725,0.17644444275621984,0,0.4524792527556964,0
1571,2015,99.20790271374162,0.15882135215959253,0.16871471341654876,0,0.46456122068224565,0
1571,2016,99.16554116339034,0.1587882132865699,0.21996274262419138,0,0.4556801924539765,2.768824492430049e-5
1571,2017,99.06159134611492,0.16062899421657076,0.32835259236853775,0,0.44942706729997556,0
1571,2018,98.83453879501765,0.15335419051080618,0.5432309785394466,0,0.4688760359320991,0
1571,2019,98.25369104349726,0.15212996754135388,1.1176230541182743,0,0.47655593484312075,0
1571,2020,97.37903954357317,0.1451217852319492,1.9927715594638153,0,0.48306711173107314,0
1571,2021,96.37460040020324,0.1542102523216034,2.994161419789103,0,0.4770279276860654,0
1571,2022,95.78173255145677,0.13954202927274573,3.580777701769433,0,0.4979477175010556,0
1654,2000,96.45858733112267,0.19898812661693133,0.033011141340633654,0,3.3094134009197695,0
1654,2001,96.48783389242102,0.19778420398368535,0.03151841595463027,0,3.282863487640647,0
1654,2002,96.46311075947801,0.19468768931058422,0.028814614331507865,0,3.313386936879893,0
1654,2003,96.47604209757651,0.19573203242091672,0.02757248902336383,0,3.3006533809792247,0
1654,2004,96.4322106914114,0.18322290869072447,0.05625297593869387,0,3.3283134239591776,0
1654,2005,96.40375666974059,0.18840246248297593,0.0944704559596803,0,3.313370411816751,0
1654,2006,96.19909108485241,0.2126797190972136,0.3093863433969809,0,3.2788428526534097,0
1654,2007,96.18588550755672,0.22036067322645406,0.3162376144356228,0,3.277516204781197,0
1654,2008,96.20028670535713,0.19560544318546103,0.29476905470853343,0,3.309338796748873,0
1654,2009,96.19248533654519,0.19625413831730684,0.29983459317113714,0,3.3114259319663746,0
1654,2010,96.15627672526536,0.20480006126430939,0.36549084309985563,0,3.273432370370476,0
1654,2011,96.15491406323416,0.2100658588774853,0.3559637695516449,0,3.279056308336718,0
1654,2012,96.19070425286826,0.21096100716855642,0.3138524458252436,0,3.28448229413794,0
1654,2013,96.203959357918,0.20768690625269046,0.3113723190148234,0,3.276981416814483,0
1654,2014,96.1722765508651,0.19382352705918302,0.3108840478279087,0,3.3230158742477935,0
1654,2015,96.15982585739788,0.19803913759101396,0.315000331316201,0,3.3271346736949035,0
1654,2016,96.15512003602154,0.20646252570416948,0.3369962807205805,0,3.3014211575536994,0
1654,2017,96.11929568321196,0.20396499295151577,0.3668033674226843,0,3.309935956413834,0
1654,2018,95.89159523027206,0.20461426730308757,0.5869963422232294,0,3.316794160201624,0
1654,2019,95.57214317060428,0.20139374234575047,0.8948705808517428,0,3.331592506198227,0
1654,2020,95.48714976750176,0.21001735778435593,0.9632036774769164,0,3.3396291972369667,0
1654,2021,95.4208081943523,0.26172048178888807,0.9978002519732866,0,3.319671071885524,0
1654,2022,95.42416406819436,0.1851017661662978,1.079406764935254,0,3.3113274007040965,0
1686,2000,99.74720536155355,0.025603412863399216,0.06721191120794176,0,0.15997931437509705,0
1686,2001,99.74608197497581,0.02670738843740678,0.06864111532706528,0,0.1585695212597173,0
1686,2002,99.7366879643998,0.02639238971956007,0.07381701989398745,0,0.16310262598664915,0
1686,2003,99.72591325627715,0.024286169088840133,0.08535946454397705,0,0.1644411100900198,0
1686,2004,99.70641184570401,0.029272044107657318,0.10159185244659544,0,0.16272425774173735,0
1686,2005,99.68182336405977,0.03130775690145079,0.1282581473379253,0,0.1586107317008587,0
1686,2006,99.65477963808651,0.03143409291893796,0.15669141003971274,0,0.15709485895483893,0
1686,2007,99.63155031496454,0.035367203164209104,0.17892594988238386,0,0.15415653198886448,0
1686,2008,99.60818468527793,0.03468375652832225,0.20165661455239176,0,0.15547494364135642,0
1686,2009,99.55981402973032,0.033385948046282046,0.24781217615669035,0,0.15898784606670394,0
1686,2010,99.49734598382453,0.04223314831743355,0.308749937327418,0,0.1516709305306128,0
1686,2011,99.45948586560147,0.03654019510164783,0.34329012664654146,0,0.1606838126503497,0
1686,2012,99.42158413907026,0.04000940726103514,0.37927103576257065,0,0.15913541790613361,0
1686,2013,99.38468185907176,0.03794001475216951,0.41430074546058543,0,0.16307738071549294,0
1686,2014,99.32474834918146,0.037023877662436755,0.4722920585069444,0,0.16593571464916704,0
1686,2015,99.26139897049742,0.03888738017358479,0.5334968975476186,0,0.1662167517813692,0
1686,2016,99.19808564559838,0.040182750859206924,0.5965206940644094,0,0.1652109094780055,0
1686,2017,99.11919291156458,0.03860152151009674,0.6754451768130567,0,0.16676039011226776,0
1686,2018,99.02021253190895,0.03905355550787196,0.7741360361715907,0,0.16659787641158674,0
1686,2019,98.85339301882503,0.04212643024040656,0.9425364442683317,0,0.1619441066662292,0
1686,2020,98.66927527287741,0.04717604194026567,1.1235439629887691,0,0.16000472219355638,0
1686,2021,98.3693596183668,0.05318775304125216,1.4155812526085285,0,0.16187137598341345,0
1686,2022,98.06473882127753,0.03699811039916753,1.7172348922112275,0,0.18102817611206817,0
1811,2000,92.65443125561815,2.246220108682732,2.296895483031968,0.020552253297643933,2.7819008993695027,0
1811,2001,92.57428282048427,2.296949101153853,2.3731819220102555,0.021896474957075363,2.7336896813945475,0
1811,2002,92.41701310769697,2.3075168699627913,2.4926153924679046,0.02282029488012762,2.7600343349921967,0
1811,2003,92.515914824961,2.250480516024924,2.42752786668071,0.023577770904018025,2.782499021429353,0
1811,2004,92.49615934213713,2.337482578281465,2.4569521059358066,0.024102639906269863,2.6853033337393306,0
1811,2005,92.59778701809955,2.3030571573227308,2.387903414263939,0.024313738038776466,2.6869386722749966,0
1811,2006,92.8125967360949,2.203508040210744,2.23977462127389,0.02514373554599028,2.7189768668744856,0
1811,2007,92.86513832309981,2.102176797565639,2.231841610425472,0.02548709672411057,2.7753561721849644,0
1811,2008,92.80596139805934,2.0519649433802485,2.3142321289534804,0.025956336447869367,2.8018851931590802,0
1811,2009,92.65780497694753,2.1574323593954663,2.439678238365286,0.025831441342334033,2.719252983949385,0
1811,2010,92.52631101642305,2.250423472341025,2.5185283524082314,0.026490228330510866,2.678246930497181,0
1811,2011,92.46525891617246,2.2720172546054247,2.5655123354453906,0.02694306989298847,2.670268423883741,0
1811,2012,92.56590247087146,2.2325012381369347,2.482802479581772,0.02740448942535211,2.691389321984487,0
1811,2013,92.69819748089752,2.135741948967487,2.433397208360316,0.027748852763246984,2.704914509011419,0
1811,2014,92.68884385034649,2.1835996242323423,2.454439843624432,0.028025035002706106,2.645091646794036,0
1811,2015,92.55228522493992,2.2593365069827542,2.5622689001540353,0.02850255266883795,2.5976068152544536,0
1811,2016,92.5233512227985,2.273731372331376,2.6109487714315986,0.028892834517998924,2.5630757989205217,0
1811,2017,92.59314183858713,2.22148201946081,2.588989227891798,0.02912909391193708,2.5672578201483454,0
1811,2018,92.61726651969052,2.242945047559747,2.572967998803703,0.029329488903459506,2.537490945042559,0
1811,2019,92.54471969270222,2.283250688501016,2.610647323431393,0.02962145546949883,2.5317608398958766,0
1811,2020,92.46854845206191,2.388938568858223,2.586825923378951,0.029985435660171235,2.5257016200407225,0
1811,2021,92.61538747560631,2.2287321533635756,2.5612468750321638,0.031212916307948875,2.5634205796899954,0
1811,2022,92.81096729006599,1.7506887961344573,2.6674518109577954,0.032732197494460796,2.7381599053472945,0
1953,2000,67.71266682491299,0.013021716832078083,32.0992095809114,0.017634699393883665,0.15746717794965437,0
1953,2001,67.1708160380874,0.012616902598528266,32.63018223827446,0.019452058207190336,0.16693276283241237,0
1953,2002,66.26952069394049,0.01791363463088072,33.52953968204249,0.021267347212031343,0.16175864217410124,0
1953,2003,64.6812130066545,0.019966563460091662,35.12259489083935,0.022534216651348363,0.15369132239469765,0
1953,2004,63.74990919901921,0.010556340244284822,36.06579241439391,0.02677720846053201,0.14696483788205947,0
1953,2005,62.964136416200056,0.021116860795396316,36.849468243649405,0.02822973665911801,0.13704874269604342,0
1953,2006,61.74853515212758,0.01725521424078964,38.03992236680875,0.03822537876621612,0.1560618880566539,0
1953,2007,59.65512374046843,0.020263358895038042,40.12904951572484,0.04699345182721196,0.14856993308449126,0
1953,2008,56.616083680706886,0.021270906358756152,43.162774020548895,0.05425464473271278,0.1456167476527447,0
1953,2009,56.88117698347283,0.018308590961668616,42.882313580276126,0.06929503747768623,0.14890580781169638,0
1953,2010,59.62155662768418,0.02610983262148737,40.11922557232712,0.09496334319598737,0.13814462417122245,0
1953,2011,59.861808912543665,0.03168589379735966,39.86625621616875,0.10142391258367967,0.13882506490654137,0
1953,2012,60.66206768467508,0.026904838095360817,39.073963060902955,0.10977725225395632,0.1272871640726408,0
1953,2013,60.33063888241729,0.02456548220644636,39.42540786209639,0.1125221498320619,0.10686562344781005,0
1953,2014,61.01562576863119,0.025480567462586753,38.7311944434836,0.11746516980620757,0.1102340506164026,0
1953,2015,61.07238799686749,0.018558356094296444,38.690735794010536,0.11910819469605977,0.09920965833160306,0
1953,2016,60.43927660658014,0.015036019481694154,39.32689546516237,0.12218809356536024,0.096603815210417,0
1953,2017,61.237895329509115,0.015174271177732337,38.52974985156734,0.12365071108959962,0.09352983665619671,0
1953,2018,62.03815174564428,0.022049920619979554,37.72444161680914,0.12597419292105422,0.08938252400554215,0
1953,2019,62.6834698086591,0.06678358350652959,37.022986634781866,0.12840818147768,0.09835179157480897,0
1953,2020,63.238752159734545,0.028986096725745404,36.50186865625577,0.13023152455366827,0.10016156273025777,0
1953,2021,63.161954155421455,0.036142710011181155,36.5884885266418,0.13081391750983953,0.08260069041572782,0
1953,2022,62.24666818731498,0.009901005420464527,37.517449796253565,0.14005455315668291,0.08592645785429932,0
2252,2000,99.4195919427325,0.024050617286147626,0.20887920057196674,0,0.34747823940937483,0
2252,2001,99.42502485164604,0.022576468324629295,0.21382779541850852,0,0.33857088461082113,0
2252,2002,99.41615392015535,0.024585631707843107,0.22037660376014434,0,0.33888384437667035,0
2252,2003,99.24169862795974,0.024562341283833312,0.39831105911204295,0,0.3354279716443834,0
2252,2004,99.12074447586919,0.02478268221686103,0.5206356358846977,0,0.3338372060292564,0
2252,2005,99.01697483024692,0.025202970135405844,0.6190746020055177,0,0.33874759761216516,0
2252,2006,98.87092187900502,0.02476018703310328,0.7728444890878752,0,0.33147344487400504,0
2252,2007,98.72424176088023,0.023797446796183015,0.9170633074033793,0,0.3348974849202022,0
2252,2008,98.5338544785032,0.025563090986458207,1.1116366952105543,0,0.32894573529978416,0
2252,2009,98.31289636201535,0.028283261994853932,1.3243242069842176,0,0.3344961690055702,0
2252,2010,98.12001778197389,0.027875786955193882,1.5203048483334718,0,0.33180158273744786,0
2252,2011,98.04944653386453,0.027027540195697242,1.5970801571943278,0,0.3264457687454602,0
2252,2012,97.96567890145086,0.04189845398484594,1.670328184916931,0,0.32209445964735833,0
2252,2013,97.90399626680494,0.03669555499924774,1.7421227660589993,0,0.3171854121368251,0
2252,2014,97.57589465708662,0.02369663183301413,2.0979254026177263,0,0.30248330846262816,0
2252,2015,96.82089269820877,0.024268657366151653,2.860244554964395,0,0.2945940894606891,0
2252,2016,95.74599122397173,0.02468894091889297,3.944662502167666,0,0.28465733294170853,0
2252,2017,94.58575003552247,0.023334160589182397,5.1106320772953655,0,0.28028372659298983,0
2252,2018,93.7616813183762,0.03807416425414422,5.939118719779069,0,0.2611257975905862,0
2252,2019,92.50339295817291,0.026397207856798454,7.198667086583618,0,0.27154274738667705,0
2252,2020,91.26777699500408,0.030078648573678715,8.436873528563899,0,0.2652708278583412,0
2252,2021,89.64938485147361,0.03016886417818127,10.055069178837574,0,0.26537710551062826,0
2252,2022,87.68997603375853,0.024281447503702622,11.997018598595846,0,0.28872392014191295,0
2373,2000,98.78524435672283,0.3335093970760064,0.00741472214296244,0,0.8737802731493682,5.125090883057521e-5
2373,2001,98.78514380243935,0.31315858891322135,0.00632170480738597,0,0.8953246529312163,5.125090883057521e-5
2373,2002,98.79058684218981,0.3483454657051768,0.004613385601979393,0,0.8564030555942013,5.125090883057521e-5
2373,2003,98.78499220781227,0.3566142034825837,0.006203744923140324,0,0.8521385928731837,5.125090883057521e-5
2373,2004,98.78005856178731,0.35455368956166333,0.012370933104278328,0,0.8529655646379263,5.125090883057521e-5
2373,2005,98.78222792205827,0.3976508573245123,0.01556654027414103,0,0.8045034294342461,5.125090883057521e-5
2373,2006,98.78074132786634,0.372630107765131,0.02498700418094726,0,0.8215903092787545,5.125090883057521e-5
2373,2007,98.60233167778631,0.30328492572524113,0.2636468183836684,0,0.8306853271959539,5.125090883057521e-5
2373,2008,98.24988291570577,0.2811668079066294,0.6239431594856129,0,0.8449046150843307,1.0250181766115042e-4
2373,2009,98.2078356799769,0.2544573262108103,0.6649658390172789,0,0.8726386529773438,1.0250181766115042e-4
2373,2010,98.24267211201081,0.30256061194984446,0.6553930845954192,0,0.799322940535095,5.125090883057521e-5
2373,2011,98.25320157714368,0.2862449339360718,0.6524960276887198,0,0.8080062103226997,5.125090883057521e-5
2373,2012,98.28322094448944,0.31239374654770974,0.6000963230664279,0,0.8042377349875842,5.125090883057521e-5
2373,2013,98.12697373192921,0.2918094296721101,0.7699895974639213,0,0.8111759900259224,5.125090883057521e-5
2373,2014,98.0017763589592,0.2655425428350742,0.910839046147958,0,0.8218420520577616,0
2373,2015,97.59011187712785,0.3083649151482924,1.316896560800745,0,0.7846266469231076,0
2373,2016,97.38497727369517,0.3124168115723128,1.5412299563998988,0,0.7613759583326137,0
2373,2017,96.54087832637593,0.28062653802890686,2.394415670007523,0,0.7840282146788039,5.125090883057521e-5
2373,2018,96.35159958793986,0.27011072752741944,2.579641273551737,0,0.7985971600721471,5.125090883057521e-5
2373,2019,96.17597522959258,0.2683148169284893,2.725265670375128,0,0.8304442831037975,0
2373,2020,96.2578660196384,0.2813569317609447,2.6479160628324006,0,0.8128609857682474,0
2373,2021,96.16970984104573,0.29978884468547234,2.729336649261395,0,0.8011646650074158,0
2373,2022,96.000614265528,0.19387060188858782,2.965968564148163,0,0.8395465684352357,0
2482,2000,99.11722060089738,0.03162066976961036,0.016044519528206142,0,0.8351142098047935,0
2482,2001,99.12517697478994,0.03053888499730999,0.01264759932813914,0,0.8316259247242724,1.0616160339663136e-5
2482,2002,99.12108753379574,0.03166840031635361,0.010079224585707891,0,0.8371648413021845,0
2482,2003,99.11562802494944,0.029404844849331892,0.009375593019640098,0,0.8455915371815799,0
2482,2004,99.11867561734442,0.03240562973430783,0.012040749889105742,0,0.8368673868718264,1.0616160339663136e-5
2482,2005,99.10082097796302,0.033573891762434666,0.03552399137144296,0,0.8300811389030943,0
2482,2006,99.08909454770959,0.03298364445468209,0.04619681511167762,0,0.8317249927240511,0
2482,2007,99.087390606212,0.032891110269559085,0.04768731328989163,0,0.8320309702285431,0
2482,2008,99.08288363937513,0.03353244690736488,0.04782983049940703,0,0.8357540832181225,0
2482,2009,99.08494870060339,0.032278406287740036,0.04950255719405564,0,0.833270335914809,0
2482,2010,99.0865257826033,0.03642610560278954,0.04930403109257224,0,0.8277440807013297,0
